11

data/MODEL/gear/000_body.x			
data/MODEL/gear/001_jiku.x			
data/MODEL/gear/002_jiku2.x			
data/MODEL/gear/003_thighR.x		
data/MODEL/gear/004_legR.x			
data/MODEL/gear/005_footR.x		
data/MODEL/gear/006_thighL.x		
data/MODEL/gear/007_legL.x		
data/MODEL/gear/008_footL.x	
data/MODEL/gear/009_weapon.x	
data/MODEL/gear/010_lader.x		

-1
0
1
2
3
4
2
6
7
0
0

0.0,30.0,0.0
0.0,0.0,0.0
0.0,0.0,0.0
12.0,-7.0,-5.0
0.0,-2.0,0.0
0.0,-5.0,0.0
-12.0,-7.0,-5.0
0.0,-2.0,0.0
0.0,-5.0,5.0
10.0,5.0,0.0
-11.0,6.0,5.0

0.0,0.0,0.0
0.0,0.0,0.0
0.0,0.0,0.0
0.0,0.0,0.0
0.0,0.0,0.0
0.0,0.0,0.0
0.0,0.0,0.0
0.0,0.0,0.0
0.0,0.0,0.0
0.0,0.0,0.0
0.0,0.0,0.0

2

11
1
1
	
60
0.00,0.00,0.00
0.00,0.00,0.00
0.00,0.00,0.00
0.00,0.00,0.00
0.00,0.00,0.00
0.00,0.00,0.00
0.00,0.00,0.00
0.00,0.00,0.00
0.00,0.00,0.00
0.00,0.00,0.00
0.00,0.00,0.00
		
0.00,0.00,0.00
0.00,0.00,0.00
0.00,0.00,0.00
0.00,0.00,0.00
0.00,0.00,0.00
0.00,0.00,0.00
0.00,0.00,0.00
0.00,0.00,0.00
0.00,0.00,0.00
0.00,0.00,0.00
0.00,0.00,0.00

11
0
6

20
0.00,5.00,0.00
0.00,0.00,0.00
0.00,0.00,0.00
0.00,0.00,0.00
0.00,0.00,0.00
0.00,0.00,0.00
0.00,0.00,0.00
0.00,0.00,0.00
0.00,0.00,0.00
0.00,0.00,0.00
0.00,0.00,0.00

0.00,0.00,0.00
0.00,0.00,0.00
0.00,0.00,0.00
-1.10,0.00,0.00
1.10,0.00,0.00
0.00,0.00,0.00
-1.00,0.00,0.00
0.36,0.00,0.00
0.26,0.00,0.00
0.00,0.00,0.00
0.00,0.00,0.00

17
0.00,7.00,0.00
0.00,0.00,0.00
0.00,0.00,0.00
0.00,0.00,0.00
0.00,0.00,0.00
0.00,0.00,0.00
0.00,0.00,0.00
0.00,0.00,0.00
0.00,0.00,0.00
0.00,0.00,0.00
0.00,0.00,0.00

0.00,0.00,0.00
0.00,0.00,0.00
0.00,0.00,0.00
-0.60,0.00,0.00
1.30,0.00,0.00
-0.66,0.00,0.00
-1.5,0.00,0.00
0.75,0.00,0.00
0.30,0.00,0.00
0.00,0.00,0.00
0.00,0.00,0.00



15
0.00,0.00,0.00
0.00,0.00,0.00
0.00,0.00,0.00
0.00,0.00,0.00
0.00,0.00,0.00
0.00,0.00,0.00
0.00,0.00,0.00
0.00,0.00,0.00
0.00,0.00,0.00
0.00,0.00,0.00
0.00,0.00,0.00

0.00,0.00,0.00
0.00,0.00,0.00
0.00,0.00,0.00
0.10,0.00,0.00
0.30,0.00,0.00
-0.40,0.00,0.00
-1.40,0.00,0.00
1.0,0.00,0.00
0.30,0.00,0.00
0.00,0.00,0.00
0.00,0.00,0.00



20
0.00,5.00,-0.20
0.00,0.00,0.00
0.00,0.00,0.00
0.00,0.00,0.00
0.00,0.00,0.00
0.00,0.00,0.00
0.00,0.00,0.00
0.00,0.00,0.00
0.00,0.00,0.00
0.00,0.00,0.00
0.00,0.00,0.00

0.00,0.00,0.00
0.00,0.00,0.00
0.00,0.00,0.00
-0.90,0.00,0.00
0.40,0.00,0.00
0.30,0.00,0.00
-0.70,0.00,0.00
1.50,0.00,0.00
-0.80,0.00,0.00
0.00,0.00,0.00
0.00,0.00,0.00


17
0.00,7.00,-0.20
0.00,0.00,0.00
0.00,0.00,0.00
0.00,0.00,0.00
0.00,0.00,0.00
0.00,0.00,0.00
0.00,0.00,0.00
0.00,0.00,0.00
0.00,0.00,0.00
0.00,0.00,0.00
0.00,0.00,0.00

0.00,0.00,0.00
0.00,0.00,0.00
0.00,0.00,0.00
-1.35,0.00,0.00
0.72,0.00,0.00
-0.53,0.00,0.00
-0.57,0.00,0.00
1.73,0.00,0.00
-1.04,0.00,0.00
0.00,0.00,0.00
0.00,0.00,0.00

15
0.00,0.00,-0.20
0.00,0.00,0.00
0.00,0.00,0.00
0.00,0.00,0.00
0.00,0.00,0.00
0.00,0.00,0.00
0.00,0.00,0.00
0.00,0.00,0.00
0.00,0.00,0.00
0.00,0.00,0.00
0.00,0.00,0.00

0.00,0.00,0.00
0.00,0.00,0.00
0.00,0.00,0.00
-1.57,0.00,0.00
1.45,0.00,0.00
0.03,0.00,0.00
-0.09,0.00,0.00
0.63,0.00,0.00
-0.53,0.00,0.00
0.00,0.00,0.00
0.00,0.00,0.00

